%YAML:1.0
---
camera_matrix: !!opencv-matrix
   rows: 3
   cols: 3
   dt: d
   data: [ 3.1450348480898947e+03, 0., 2.0368999857775848e+03, 0.,
       3.1526854355010796e+03, 1.4940408487500272e+03, 0., 0., 1. ]
distortion_coefficients: !!opencv-matrix
   rows: 5
   cols: 1
   dt: d
   data: [ 1.7996139392832913e-01, -6.1295622788176085e-01,
       -6.3875120757167687e-05, 1.1339025284567096e-03,
       6.4239160355336022e-01 ]
