%YAML:1.0
---
camera_matrix: !!opencv-matrix
   rows: 3
   cols: 3
   dt: d
   data: [ 3.1450347601628587e+03, 0., 2.0369001997140963e+03, 0.,
       3.1526853187859347e+03, 1.4940405908668506e+03, 0., 0., 1. ]
distortion_coefficients: !!opencv-matrix
   rows: 5
   cols: 1
   dt: d
   data: [ 1.7996178491860768e-01, -6.1295765762930132e-01,
       -6.3848969526648230e-05, 1.1340041522420739e-03,
       6.4239393078896356e-01 ]
